%YAML:1.0
KMat: !!opencv-matrix
   rows: 3
   cols: 3
   dt: d
   data: [  1605.458518, 0.000000, 673.710188, 0.000000,
       1616.213598, 357.695982, 0.000000, 0.000000,
       1.000000 ]
DistortionCoeffMat: !!opencv-matrix
   rows: 3
   cols: 3
   dt: d
   data: [  1605.458518, 0.000000, 673.710188, 0.000000,
       1616.213598, 357.695982, 0.000000, 0.000000,
       1.000000 ]
