%YAML:1.0
KMat: !!opencv-matrix
   rows: 3
   cols: 3
   dt: d
   data: [  1652.554373, 0.000000, 775.655109, 0.000000,
       1623.959763, 518.774760, 0.000000, 0.000000,
       1.000000 ]
DistortionCoeffMat: !!opencv-matrix
   rows: 3
   cols: 3
   dt: d
   data: [  1652.554373, 0.000000, 775.655109, 0.000000,
       1623.959763, 518.774760, 0.000000, 0.000000,
       1.000000 ]
