%YAML:1.0
RMat: !!opencv-matrix
   rows: 3
   cols: 3
   dt: d
   data: [  0.888839, -0.057773, -0.454564, -0.269925,
       0.735616, -0.621296, 0.370279, 0.674930,
       0.638250 ]
tMat: !!opencv-matrix
   rows: 3
   cols: 1
   dt: d
   data: [  521.897776, 657.949324, 337.588280 ]
