%YAML:1.0
KMat: !!opencv-matrix
   rows: 3
   cols: 3
   dt: d
   data: [  1633.765101, 0.000000, 710.752765, 0.000000,
       1625.986303, 465.912072, 0.000000, 0.000000,
       1.000000 ]
DistortionCoeffMat: !!opencv-matrix
   rows: 3
   cols: 3
   dt: d
   data: [  1633.765101, 0.000000, 710.752765, 0.000000,
       1625.986303, 465.912072, 0.000000, 0.000000,
       1.000000 ]
