%YAML:1.0
RMat: !!opencv-matrix
   rows: 3
   cols: 3
   dt: d
   data: [  0.782942, 0.078270, 0.617152, 0.332836,
       0.785420, -0.521858, -0.525569, 0.613995,
       0.588887 ]
tMat: !!opencv-matrix
   rows: 3
   cols: 1
   dt: d
   data: [  -569.562739, 664.531578, 364.601116 ]
