%YAML:1.0
RMat: !!opencv-matrix
   rows: 3
   cols: 3
   dt: d
   data: [  0.997672, -0.033138, 0.059606, 0.046890,
       0.967955, -0.246708, -0.049521, 0.248929,
       0.967255 ]
tMat: !!opencv-matrix
   rows: 3
   cols: 1
   dt: d
   data: [  61.896108, 39.912328, 39.778204 ]
