<?xml version="1.0"?>
<opencv_storage>
<RMat type_id="opencv-matrix">
  <rows>3</rows>
  <cols>3</cols>
  <dt>d</dt>
  <data>
    -9.9972103292280856e-001 -9.0188810666064906e-003
    2.1829249095178471e-002 -1.9318740523954638e-002
    -2.1947968063790574e-001 -9.7542578192892326e-001
    1.3588325736493658e-002 -9.7557538384862375e-001
    2.1924421960975310e-001</data></RMat>
<tMat type_id="opencv-matrix">
  <rows>3</rows>
  <cols>1</cols>
  <dt>d</dt>
  <data>
    -2.7092158815607590e+000 6.0805408897036091e+002
    2.7208741273544592e+002</data></tMat>
</opencv_storage>
