<?xml version="1.0"?>
<opencv_storage>
<DeviceID>0</DeviceID>
<KMat type_id="opencv-matrix">
  <rows>3</rows>
  <cols>3</cols>
  <dt>d</dt>
  <data>
    5.285909335216727e+02	0.  3.293598186845008e+02
    0.     5.309554823373595e+02 	2.415164985580915e+02
	0. 	0. 	1.</data></KMat>
<DistortionCoeffMat type_id="opencv-matrix">
  <rows>1</rows>
  <cols>4</cols>
  <dt>d</dt>
  <data>
    -0.03359
    -0.17977
	-0.00150
	0.00723</data></DistortionCoeffMat>
</opencv_storage>
