%YAML:1.0
KMat: !!opencv-matrix
   rows: 3
   cols: 3
   dt: d
   data: [  542.078325, 0.000000, 324.151697, 0.000000,
       543.884819, 233.386204, 0.000000, 0.000000,
       1.000000 ]
DistortionCoeffMat: !!opencv-matrix
   rows: 3
   cols: 3
   dt: d
   data: [  542.078325, 0.000000, 324.151697, 0.000000,
       543.884819, 233.386204, 0.000000, 0.000000,
       1.000000 ]
