<?xml version="1.0"?>
<opencv_storage>
<face_model type_id="opencv-matrix">
  <rows>13</rows>
  <cols>3</cols>
  <dt>d</dt>
  <data>
    -1.4579483977633089e+001 -6.3635379613810038e+001
    -4.7784973882512745e+000 1.3895346570888787e+001
    -6.6384945053936420e+001 -6.1347304270763692e+000
    -4.7472056284956572e+001 -3.5685874097645701e+001
    1.0895245628149272e+001 -2.1308629543473007e+001
    -3.6211355032852950e+001 1.5537165899094940e+000
    -1.2654485884590150e+000 -4.3239003825723884e+001
    -7.6295013900483255e+000 2.1172092857684763e+001
    -3.8928811833994892e+001 -3.1533283053192429e-001
    4.6877241996007086e+001 -4.0719117925732284e+001
    3.3617440663985008e+000 -8.9729494141358157e-001
    -2.9076118365477317e+000 -2.7879430619854148e+001
    -1.5674473391563415e+001 7.0327116198378494e+000
    -1.3766930564963193e+001 -5.1879322294849173e-001
    1.1739208939323099e+001 -1.7235668475247323e+001
    1.4172052075389177e+001 7.8535271431585540e+000
    -1.4224125097277373e+001 -2.7341210771724644e+001
    3.4448960719491183e+001 -6.6848652333553122e+000
    2.8210764660337571e+001 3.2890720425985812e+001
    -9.4642366525320387e+000</data></face_model>
</opencv_storage>
